Number of boards solved: 400/400
minimum: 0.010422229766845703
maximum: 110.75778889656067
mean: 2.0637468403577803
std: 7.128308829114085
